Job finished at [05-Nov-2012 12:27:43]
nRounds: 100, nChains: 1, T0: 1e+06, tc: 1.3, sigma: 0.01
Confusion matrix: 
  0.388198   0.440897   0.115483          0  0.0278965  0.0229434 0.00458251
  0.116732   0.716675  0.0813357          0    0.01265  0.0137656  0.0588415
   0.15905   0.439612   0.268756          0  0.0491943  0.0444301  0.0389569
         0          0          0          0          0          0          1
  0.310441   0.155919          0          0    0.39146    0.14218          0
 0.0565656 0.00141465          0          0  0.0611615   0.880858          0
         0  0.0448766  0.0110312   0.118908          0          0   0.825184

Accuracy: 
0.62943
Job finished at [05-Nov-2012 12:28:54]
nRounds: 100, nChains: 1, T0: 1e+06, tc: 1.3, sigma: 0.01
Confusion matrix: 
   0.527409     0.28201    0.156942           0   0.0336401           0           0
   0.133692    0.728006   0.0716687 0.000332931  0.00410391  0.00134246   0.0608538
  0.0553765    0.456402    0.418176 0.000134279   0.0355838           0    0.034327
          0           0           0           0           0           0           1
   0.325412    0.208941           0           0    0.431843   0.0338037           0
  0.0631312           0           0           0   0.0929809    0.843888           0
          0   0.0170943           0    0.136934           0           0    0.845972

Accuracy: 
0.668904
