Full Merge 20imgs - 190kB
0.000115542
3.02204e-06
0.000128015
8.33304e-05
2.62596e-05
5.48207e-05
7.77096e-05
1.63456e-06
3.02758e-05
3.91457e-06
1.69915e-05
2.64913e-05
0.000137863
4.35882e-06
2.43764e-06
2.73205e-05
5.27123e-06
1.93085e-05
0.000178565
0.000103357 

Normal Merge lambda=0.5 20imgs - 330kB
0.00288
0.03
0.1
0.0125
0.00625
0.03
0.0125
0.0125
0.05
0.03
0.0005625
0.025
0.02
0.003125
0.0125
0.05
0.0125
0.02
0.03
0.00625

FullMerge 30imgs - 196.5kB
3.63069e-06
2.27786e-05
6.52681e-06
0.000174994
8.07665e-05
8.42781e-05
1.87271e-06
3.53626e-05
1.18845e-06
6.98521e-05
1.99107e-05
0.00132555
1.39622e-05
8.00237e-05
0.000148072
1.21613e-05
2.27551e-05
2.27779e-05
2.59326e-05
0.000269783

NormalMerge lambda=0.3 30imgs - 438kB
0.000297619
0.000514403
0.000892857
0.00514403
0.000462963
0.000482253
0.000595238
0.000347222
0.00352734
5.78704e-05
0.0333333
0.000289352
0.000178612
0.000214335
0.00673401
0.00925926
0.000144676
0.000426136
0.00185185
0.000347222
